1,1,1
1,2,1
1,3,2
1,4,1
1,5,1
1,6,1
1,7,2
1,8,1
1,9,1
1,10,1
1,11,1
1,12,1
1,13,1
1,14,5
1,15,1
1,16,1
1,17,1
1,18,1
1,19,1
1,20,1
1,21,1
1,22,1
1,23,1
1,24,1
1,25,1
1,26,1
1,27,1
1,28,1
1,29,1
1,30,1
1,31,1
1,32,1
1,33,1
1,34,5
1,35,1
1,36,1
1,37,1
1,38,5
1,39,1
1,40,1
1,41,1
1,42,1
1,43,1
1,44,1
1,45,1
1,46,6
1,47,1
1,48,1
1,49,6
1,50,2
1,51,1
1,52,1
1,53,1
1,54,1
1,55,5
1,56,1
1,57,1
1,58,1
1,59,1
1,60,1
1,61,1
1,62,1
1,63,1
1,64,1
1,65,1
1,66,1
1,67,1
1,68,1
1,69,1
1,70,1
1,71,1
1,72,1
1,73,1
1,74,1
1,75,2
1,76,1
1,77,1
1,78,1
1,79,1
1,80,1
1,81,1
1,82,1
1,83,2
1,84,1
1,85,1
1,86,1
1,87,1
1,88,1
1,89,1
1,90,1
1,91,1
1,92,1
1,93,1
1,94,1
1,95,1
1,96,1
1,97,1
1,98,1
1,99,1
1,100,8
1,101,1
1,102,1
1,103,1
1,104,1
2,105,2
2,106,1
2,107,1
2,108,2
2,109,2
2,110,2
2,111,1
2,112,2
2,113,3
2,114,2
2,115,2
2,116,2
2,117,1
2,118,1
2,119,1
2,120,1
2,121,3
2,122,2
2,123,2
2,124,2
2,125,3
3,126,1
3,127,1
3,128,1
3,129,1
3,130,2
3,131,2
3,132,1
3,133,1
3,134,1
3,135,2
3,136,1
4,137,6
4,138,1
4,139,5
4,140,5
4,141,5
4,142,5
4,143,11
4,144,5
4,145,5
4,146,5
4,147,5
4,148,5
4,149,15
5,150,2
5,151,1
5,152,9
5,153,2
5,154,1
5,155,1
5,156,2
5,157,1
5,158,1
5,159,6
5,160,10
5,161,8
5,162,2
5,163,1
5,164,1
5,165,10
5,166,1
5,167,1
5,168,9
5,169,1
5,170,2
5,171,1
5,172,1
5,173,1
5,174,1
5,175,10
5,176,1
5,177,2
5,178,1
5,179,1
5,180,1
5,181,1
5,182,1
6,183,2
6,184,6
6,185,4
6,186,13
6,187,6
6,188,4
6,189,2
6,190,4
6,191,1
6,192,3
6,193,3
6,194,5
6,195,3
6,196,1
6,197,8
6,198,18
6,199,12
7,200,2
7,201,2
7,202,1
7,203,2
7,204,2
7,205,2
7,206,1
7,207,3
7,208,4
7,23,3
7,209,5
7,210,1
7,211,2
7,212,1
7,213,2
7,214,2
7,215,2
7,216,2
7,217,1
7,218,9
7,219,2
7,220,1
7,221,1
7,222,2
7,223,1
7,224,3
7,225,3
7,226,11
8,227,2
8,228,2
8,229,2
8,230,2
8,231,4
8,232,2
8,233,2
8,234,2
8,235,3
8,236,2
8,237,1
9,238,5
9,239,1
9,240,4
9,241,2
9,242,6
9,243,2
9,244,3
9,245,6
9,246,2
9,247,2
9,248,2
9,249,16
9,250,5
9,251,2
10,252,3
10,253,1
10,254,3
10,255,1
10,256,1
10,257,1
10,258,3
10,259,1
10,260,2
10,261,2
10,202,3
10,262,1
10,263,1
10,264,1
10,265,2
10,266,2
10,267,2
10,268,2
10,269,1
10,270,2
10,271,1
10,272,1
10,273,1
10,274,3
10,275,2
10,276,1
10,277,1
10,278,1
10,279,1
10,280,1
10,281,3
10,282,1
10,283,3
10,284,3
10,285,1
10,286,1
10,287,1
10,288,1
10,289,1
10,290,1
10,291,1
10,292,2
10,293,3
10,294,2
10,295,1
10,296,1
10,190,1
10,297,1
10,298,1
10,299,1
10,300,2
10,301,1
10,302,1
10,303,1
10,304,3
10,305,1
10,306,4
10,307,2
10,308,2
10,309,1
10,310,2
10,311,1
10,312,3
10,313,1
10,314,1
10,315,1
10,316,1
10,317,1
10,318,3
10,319,1
10,320,1
10,321,1
10,322,2
10,323,1
10,324,1
10,325,1
10,326,1
10,327,2
10,328,1
10,329,1
10,330,1
10,331,3
10,332,3
10,333,2
10,334,1
10,335,1
10,336,1
10,337,1
10,338,1
10,339,1
10,340,1
10,341,2
10,342,1
10,343,1
10,344,1
10,345,1
10,346,1
10,347,1
10,348,3
10,349,1
10,350,1
10,351,2
10,99,1
10,352,1
10,353,1
10,354,1
10,355,2
10,356,2
10,357,2
11,358,1
11,359,1
11,360,2
11,361,1
11,362,1
11,363,1
11,364,1
11,365,1
11,366,1
11,367,1
11,368,1
11,369,2
11,370,1
11,371,1
11,372,1
11,373,5
11,374,5
11,375,2
11,376,2
11,377,1
11,378,1
11,379,1
11,380,1
11,381,2
11,382,1
11,383,1
11,384,5
11,385,2
11,386,1
11,387,1
11,388,2
11,389,1
11,390,1
11,391,1
11,392,1
11,393,1
11,394,1
11,395,1
11,396,1
11,397,1
11,398,1
11,399,1
11,400,1
11,401,1
11,402,1
11,403,1
11,404,1
11,405,1
11,406,1
11,407,1
11,408,1
11,409,1
11,410,5
11,411,1
11,412,1
11,413,1
11,414,2
11,415,5
11,416,1
11,417,1
11,418,1
11,419,1
11,420,2
11,421,1
11,422,1
11,423,1
11,424,2
11,425,1
11,426,1
11,427,1
11,428,1
11,429,5
11,430,1
11,431,1
11,432,5
11,433,1
11,434,1
11,435,1
11,436,1
11,437,1
11,438,1
11,439,2
11,440,1
11,441,1
11,442,1
11,443,1
11,444,1
11,445,1
11,446,1
11,447,1
11,448,1
11,449,5
11,450,1
11,451,1
11,452,1
11,453,1
11,454,1
11,455,1
11,456,2
11,457,5
11,458,1
11,459,2
11,460,5
11,461,5
11,462,2
11,463,1
11,464,2
11,465,1
11,466,1
11,467,1
11,468,2
11,469,1
11,470,1
11,471,1
11,472,1
11,473,5
11,474,2
11,475,1
11,476,1
11,477,1
11,478,1
11,479,1
11,480,2
11,481,1
11,482,1
11,483,2
11,484,1
11,485,2
11,486,2
11,487,2
11,488,1
11,489,2
11,490,1
11,491,1
11,492,1
11,493,1
11,494,1
12,495,12
12,252,1
12,496,1
12,497,1
12,498,7
12,203,26
12,153,7
12,499,5
12,500,1
12,501,8
12,206,8
12,502,4
12,503,1
12,504,1
12,505,6
12,506,7
12,507,7
12,508,6
12,509,7
12,510,6
12,511,5
12,512,1
12,513,7
12,514,4
12,515,2
12,214,7
12,516,8
12,517,1
12,518,9
12,519,7
12,215,7
12,520,6
12,521,6
12,522,9
12,523,2
12,524,14
12,525,8
12,526,6
12,527,1
12,528,1
12,529,6
12,530,2
12,531,23
12,220,8
12,532,7
12,533,1
12,173,6
12,534,3
12,535,4
12,536,6
12,537,1
12,225,3
12,538,18
12,539,6
12,540,7
12,541,6
12,542,1
12,543,8
12,544,4
12,545,1
13,546,11
13,547,12
13,252,1
13,548,3
13,549,1
13,550,1
13,551,2
13,552,1
13,553,2
13,554,20
13,555,1
13,556,1
13,557,7
13,558,2
13,559,1
13,258,1
13,227,2
13,560,1
13,561,11
13,562,2
13,563,1
13,564,3
13,260,2
13,565,1
13,566,1
13,567,2
13,263,5
13,568,2
13,569,1
13,570,3
13,571,2
13,368,1
13,572,1
13,573,4
13,574,3
13,575,4
13,576,1
13,577,2
13,578,1
13,579,15
13,580,2
13,581,11
13,582,2
13,583,1
13,584,2
13,228,2
13,585,1
13,586,2
13,587,3
13,588,4
13,589,1
13,590,5
13,591,1
13,229,2
13,592,1
13,593,1
13,594,9
13,595,2
13,596,2
13,597,6
13,598,1
13,599,3
13,600,3
13,601,1
13,602,2
13,603,1
13,604,5
13,605,11
13,606,4
13,607,1
13,608,6
13,609,1
13,610,5
13,611,1
13,612,3
13,613,1
13,614,2
13,615,1
13,616,3
13,617,3
13,618,1
13,619,1
13,186,6
13,620,2
13,621,7
13,622,1
13,623,6
13,624,3
13,625,4
13,626,1
13,230,2
13,627,5
13,628,1
13,629,6
13,630,1
13,631,2
13,632,1
13,633,17
13,634,2
13,635,1
13,636,1
13,637,2
13,638,1
13,639,5
13,640,1
13,641,3
13,642,1
13,643,1
13,644,1
13,645,1
13,646,4
13,647,1
13,648,1
13,649,2
13,650,4
13,651,2
13,652,8
13,653,1
13,654,6
13,655,1
13,656,12
13,657,3
13,658,1
13,659,8
13,660,2
13,661,1
13,283,2
13,284,1
13,662,2
13,663,1
13,664,2
13,665,11
13,666,1
13,667,2
13,668,1
13,669,1
13,670,10
13,231,2
13,671,1
13,672,13
13,673,5
13,674,6
13,675,2
13,292,1
13,676,3
13,677,1
13,678,2
13,679,1
13,680,1
13,681,1
13,682,3
13,243,5
13,683,1
13,684,1
13,685,2
13,686,1
13,687,1
13,688,8
13,689,4
13,690,11
13,691,6
13,692,8
13,693,1
13,694,6
13,695,1
13,696,1
13,697,1
13,698,1
13,699,1
13,700,1
13,701,1
13,702,1
13,703,1
13,704,1
13,705,1
13,232,2
13,706,1
13,707,6
13,708,1
13,709,7
13,710,1
13,711,1
13,712,2
13,713,4
13,714,2
13,715,2
13,716,18
13,717,1
13,718,12
13,719,1
13,720,1
13,721,2
13,722,3
13,723,2
13,724,1
13,725,2
13,726,3
13,727,2
13,300,2
13,728,3
13,729,1
13,730,1
13,731,2
13,732,1
13,733,1
13,734,1
13,735,1
13,736,2
13,737,5
13,738,1
13,739,1
13,740,1
13,741,1
13,742,1
13,743,2
13,744,2
13,745,5
13,746,4
13,747,2
13,748,1
13,749,1
13,750,1
13,233,2
13,751,1
13,752,6
13,753,1
13,754,1
13,755,1
13,756,1
13,757,28
13,758,2
13,759,3
13,760,1
13,761,9
13,762,5
13,763,3
13,764,2
13,765,11
13,766,3
13,767,5
13,768,5
13,769,1
13,310,1
13,770,3
13,771,2
13,772,1
13,773,17
13,774,2
13,775,1
13,776,1
13,777,2
13,778,1
13,779,1
13,780,1
13,781,1
13,782,1
13,783,2
13,784,4
13,785,10
13,786,2
13,234,2
13,787,2
13,788,2
13,789,1
13,790,6
13,791,2
13,792,1
13,316,7
13,793,1
13,794,4
13,795,1
13,796,1
13,797,4
13,798,5
13,799,2
13,800,1
13,801,3
13,802,2
13,803,4
13,131,13
13,804,1
13,805,2
13,806,12
13,235,2
13,807,3
13,808,1
13,809,1
13,810,3
13,811,1
13,812,3
13,813,2
13,814,9
13,815,11
13,816,2
13,817,3
13,818,2
13,819,5
13,820,1
13,821,2
13,318,1
13,822,1
13,823,1
13,824,18
13,825,1
13,826,1
13,827,2
13,828,2
13,829,3
13,830,1
13,831,1
13,832,1
13,833,1
13,834,2
13,835,2
13,836,2
13,837,6
13,838,3
13,839,5
13,840,4
13,841,8
13,842,2
13,843,1
13,844,1
13,845,1
13,846,4
13,847,3
13,848,1
13,849,1
13,850,4
13,851,1
13,852,2
13,853,5
13,854,1
13,855,1
13,856,1
13,857,2
13,858,1
13,859,1
13,860,1
13,133,12
13,861,2
13,862,1
13,863,2
13,864,2
13,865,5
13,866,1
13,867,14
13,868,1
13,869,6
13,870,1
13,329,6
13,871,2
13,872,4
13,331,1
13,873,2
13,874,15
13,875,1
13,876,2
13,877,4
13,878,1
13,879,3
13,880,2
13,881,1
13,882,1
13,236,2
13,883,1
13,884,1
13,885,4
13,886,2
13,887,2
13,888,1
13,889,1
13,890,1
13,891,1
13,892,3
13,893,5
13,894,4
13,148,19
13,895,4
13,896,2
13,897,1
13,339,1
13,898,1
13,899,8
13,900,1
13,901,2
13,902,1
13,342,2
13,903,1
13,904,5
13,905,1
13,906,4
13,907,2
13,908,2
13,135,11
13,909,1
13,344,3
13,910,2
13,911,6
13,912,8
13,913,1
13,914,1
13,915,3
13,916,7
13,917,6
13,918,1
13,919,2
13,920,3
13,921,2
13,922,1
13,923,1
13,924,1
13,925,2
13,926,8
13,927,1
13,928,7
13,348,1
13,177,3
13,929,3
13,930,2
13,931,1
13,932,1
13,933,2
13,934,2
13,935,2
13,936,1
13,937,1
13,938,1
13,939,1
13,940,1
13,941,16
13,942,1
13,943,5
13,944,1
13,945,5
13,946,4
13,947,3
13,948,1
13,949,1
13,950,2
13,951,1
13,237,2
13,952,1
13,953,5
13,954,2
13,356,3
13,955,2
13,956,2
13,957,1
13,357,2
13,958,1
13,959,2
13,960,1
13,961,6
13,962,9
13,963,6
13,964,2
13,965,1
13,966,2
13,967,2
13,968,16
13,969,1
14,970,1
14,971,1
14,972,1
14,973,2
14,974,1
14,975,1
14,976,1
14,977,1
14,978,1
14,979,1
14,980,1
14,981,1
14,982,1
14,983,1
14,984,1
15,985,1
15,986,4
15,987,3
15,988,5
15,989,1
15,990,2
15,991,1
15,992,2
15,993,2
15,994,3
15,995,1
15,996,6
15,997,1
15,998,1
15,999,1
15,1000,1
15,1001,2
15,1002,1
15,1003,1
16,1004,1
16,23,1
16,1005,1
16,1006,1
16,1007,5
16,1008,1
16,1009,2
16,1010,6
16,1011,1
16,1012,1
16,1013,1
16,1014,1
17,1015,1
17,1016,1
17,1017,2
17,1018,1
17,1019,3
17,1020,1
17,1021,1
17,1022,1
17,1023,5
17,1024,1
17,1025,1
17,1026,1
17,1027,1
17,1028,1
17,1029,1
17,1030,1
17,1031,1
17,1032,1
17,1033,1
17,1034,1
17,1035,1
17,1036,2
17,1037,1
17,1038,1
17,1039,5
17,1040,18
17,1041,2
17,1042,4
17,1043,1
17,1044,1
17,1045,1
17,1046,1
17,1047,1
17,1048,2
17,1049,1
17,1050,1
17,1051,5
17,1052,1
17,1053,1
17,1054,1
17,1055,1
17,1056,1
17,1057,1
17,1058,1
17,1059,1
17,1060,10
17,1061,1
17,1062,1
17,1063,1
17,1064,1
17,1065,1
17,1066,2
17,1067,1
17,1068,1
17,1069,1
17,1070,3
17,391,1
17,1071,1
17,1072,9
17,1073,1
17,1074,1
17,1075,5
17,1076,1
17,1077,1
17,1078,3
17,1079,1
17,1080,5
17,1081,1
17,1082,1
17,1083,1
17,1084,1
17,1085,2
17,1086,1
17,1087,1
17,1088,1
17,404,1
17,657,1
17,1089,1
17,1090,5
17,1091,1
17,1092,1
17,1093,3
17,1094,1
17,1095,1
17,1096,1
17,1097,1
17,1098,1
17,1099,5
17,1100,1
17,1101,1
17,1102,1
17,1103,2
17,1104,4
17,1105,10
17,1106,1
17,1107,1
17,1108,1
17,1109,1
17,1110,1
17,1111,1
17,1112,1
17,1113,1
17,1114,1
17,1115,1
17,1116,1
17,1117,5
17,1118,1
17,1119,3
17,1120,1
17,1121,12
17,1122,1
17,1123,2
17,1124,1
17,1125,2
17,1126,7
17,1127,1
17,1128,1
17,1129,1
17,1130,1
17,1131,1
17,1132,2
17,1133,1
17,1134,1
17,1135,1
17,1136,1
17,1137,2
17,1138,1
17,1139,2
17,1140,1
17,1141,1
17,1142,1
17,1143,1
17,1144,2
17,1145,1
17,1146,1
17,165,6
17,1147,2
17,1148,1
17,1149,1
17,1150,5
17,1151,2
17,1152,1
17,1153,1
17,1154,1
17,1155,1
17,1156,1
17,1157,1
17,1158,1
17,1159,1
17,1160,1
17,1161,1
17,1162,1
17,1163,1
17,1164,1
17,1165,1
17,1166,1
17,1167,2
17,1168,1
17,1169,1
17,1170,3
17,1171,6
17,1172,2
17,1173,1
17,1174,1
17,1175,7
17,1176,2
17,1177,1
17,78,1
17,1178,1
17,1179,1
17,1180,1
17,1181,1
17,1182,2
17,1183,1
17,1184,5
17,1185,1
17,1186,1
17,1187,1
17,1188,6
17,1189,1
17,1190,1
17,1191,1
17,1192,1
17,1193,1
17,1194,1
17,1195,1
17,1196,3
17,1197,5
17,1198,1
17,1199,1
17,1200,1
17,1201,1
17,1202,1
17,1203,3
17,1204,1
17,1205,7
17,1206,1
17,1207,5
17,1208,1
17,1209,1
17,1210,1
17,1211,1
17,1212,1
17,1213,1
17,1214,1
17,1215,6
17,1216,1
17,1217,2
17,1218,1
17,1219,1
17,1220,1
17,1221,2
17,1222,1
17,1223,2
17,1224,5
17,488,1
17,1225,1
17,1226,1
17,1227,1
17,1228,1
17,1229,1
17,1230,1
17,1231,1
17,1232,1
17,1233,1
18,1234,1
18,496,1
18,498,1
18,367,1
18,1235,1
18,1236,1
18,502,1
18,505,1
18,1237,1
18,1238,1
18,1239,1
18,508,1
18,1240,1
18,512,1
18,514,1
18,1241,1
18,1242,1
18,1146,1
18,215,1
18,1243,1
18,1244,1
18,1245,1
18,1246,1
18,1247,2
18,1248,1
18,1184,1
18,471,1
18,1249,1
18,1250,2
18,1251,1
18,1252,1
18,1253,1
19,1254,18
19,1255,3
19,1256,4
19,1257,26
19,1258,2
19,1259,16
19,1260,1
19,1261,12
19,1262,2
19,1263,19
19,1264,2
20,496,1
20,1265,1
20,1266,1
20,1267,1
20,1268,1
20,201,4
20,1269,1
20,1270,6
20,498,1
20,1271,1
20,367,1
20,1272,1
20,1235,1
20,1273,1
20,1274,1
20,229,2
20,1275,1
20,184,5
20,1276,1
20,1277,1
20,1278,1
20,1279,1
20,1280,1
20,1281,1
20,1282,1
20,386,1
20,1283,1
20,1284,1
20,1285,1
20,1286,3
20,1287,1
20,1288,1
20,1289,1
20,506,2
20,23,2
20,1290,1
20,1291,1
20,1292,1
20,1293,1
20,1239,1
20,1294,1
20,1295,1
20,1296,1
20,1297,1
20,1298,1
20,668,1
20,1299,1
20,1300,1
20,1301,1
20,1302,1
20,1303,1
20,1304,1
20,1305,1
20,420,1
20,1306,1
20,1307,1
20,1308,1
20,512,1
20,1309,1
20,1310,1
20,232,2
20,1311,1
20,1312,1
20,1313,1
20,214,2
20,1314,1
20,1315,1
20,516,1
20,1316,1
20,1317,4
20,1318,1
20,1319,1
20,1320,1
20,1321,1
20,1322,1
20,1323,1
20,1324,1
20,1325,5
20,1146,4
20,1326,1
20,308,1
20,1327,1
20,1328,1
20,1329,1
20,1330,1
20,1331,1
20,1243,1
20,1245,1
20,1332,1
20,1333,2
20,1334,1
20,1335,1
20,1336,1
20,1337,2
20,1338,1
20,1339,1
20,1340,14
20,1341,1
20,1342,5
20,1343,1
20,1344,1
20,1345,1
20,1346,1
20,219,2
20,1347,1
20,1348,1
20,1349,1
20,1248,1
20,1350,1
20,1351,1
20,1352,1
20,1184,3
20,220,1
20,532,1
20,1353,1
20,1354,4
20,1355,1
20,173,1
20,1356,1
20,1357,1
20,888,1
20,222,1
20,1358,1
20,1359,1
20,1360,1
20,1361,1
20,1362,2
20,1363,2
20,1364,1
20,225,3
20,1365,1
20,1366,1
20,910,2
20,1367,1
20,1368,5
20,1249,3
20,1369,1
20,1370,1
20,1371,1
20,1372,1
20,1373,1
20,1250,3
20,1374,1
20,1375,1
20,1376,1
20,1377,7
20,1253,1
20,1378,1
20,1379,1
20,1380,1
20,1381,1
20,237,1
20,1382,1
20,952,1
20,1383,1
21,1384,7
21,1385,1
21,1386,1
21,200,23
21,203,8
21,1387,1
21,207,1
21,1388,1
21,1389,2
21,1390,15
21,23,2
21,1391,1
21,1392,1
21,1393,1
21,1394,1
21,1395,1
21,1396,1
21,1397,5
21,1398,1
21,1399,1
21,1400,5
21,215,2
21,1401,1
21,219,11
21,1402,3
21,1403,1
21,225,1
21,1404,2
21,1405,1
21,1406,3
21,1407,1
21,1408,1
22,1409,2
22,1410,1
22,1411,1
22,1412,1
22,1413,1
22,1414,1
22,1415,1
22,532,1
22,1416,17
22,1417,2
23,1418,5
23,1419,1
23,1420,1
23,1421,2
23,1422,1
23,1423,1
23,1424,1
23,1425,6
23,1426,5
23,1427,1
23,1428,5
23,1429,1
23,1430,1
23,1431,1
23,1432,1
23,1433,1
23,1434,5
23,1435,1
23,1436,1
23,1437,1
23,1438,1
23,1439,2
23,1440,2
23,1441,2
23,1442,1
23,347,1
23,1443,2
23,1444,1
23,1445,2
23,1446,1
23,1447,1
24,1448,2
24,1449,1
24,1450,5
24,1451,2
24,1452,11
24,1453,1
24,1454,4
24,1455,4
24,1456,1
24,1457,3
24,1458,1
24,1459,8
24,1460,2
24,1461,2
24,1462,2
24,1463,5
24,1464,1
24,1465,5
24,1466,10
24,1467,2
24,1468,2
24,1469,2
24,1470,1
24,1471,5
24,1472,2
24,1473,1
24,1474,5
24,1475,1
24,1476,2
24,1477,2
24,1478,2
24,1479,8
24,1480,1
24,221,6
24,1481,1
24,1482,9
24,1483,4
24,1484,2
25,1485,1
25,1486,5
25,1487,3
25,1488,5
25,1489,11
25,1490,5
25,1491,4
25,1492,1
25,1493,4
25,1494,5
25,1495,5
25,1496,5
25,1497,8
25,1498,3
25,1499,5
25,1500,4
25,1501,2
25,1502,6
25,1503,1
25,1504,5
25,1505,6
25,1506,5
25,1507,5
25,1508,6
25,1509,4
25,1510,6
26,1511,1
26,1512,4
26,1513,1
26,1514,3
26,1515,1
26,1516,1
26,1517,1
26,1518,1
26,1519,2
26,1520,1
26,1521,1
26,1522,1
26,1523,1
26,1524,3
26,1525,1
26,1526,1
26,1527,2
26,1528,6
26,1529,1
26,1530,1
26,1531,1
26,1532,1
26,1533,1
26,1534,1
26,1535,5
26,1536,17
26,1537,1
26,1538,3
26,1539,1
26,1540,1
26,1541,1
26,1542,3
26,1543,3
26,1544,8
26,1545,3
26,1546,1
26,1547,1
26,1548,1
26,1549,1
26,1550,1
26,1551,1
26,1552,1
26,1553,2
26,1554,1
26,1555,1
26,1556,1
26,1557,1
26,1558,1
26,1559,2
26,1560,2
26,1561,1
26,1562,1
26,1563,1
26,1564,1
26,1565,1
26,1566,1
26,1567,2
26,1568,1
26,1569,7
26,1570,1
26,1571,1
26,1572,5
26,1573,1
26,1574,1
26,1575,1
26,1576,3
26,1577,1
26,1578,1
26,1579,1
27,1580,1
27,1581,5
27,1582,2
27,1583,1
27,1584,5
27,1585,1
27,1586,1
27,1587,1
27,1588,5
27,1589,1
27,1590,2
27,1591,1
27,1592,1
27,1593,1
27,1594,1
27,1595,1
27,1596,1
27,1597,1
27,1598,1
27,1599,5
27,1600,1
27,1601,3
27,1602,1
27,1603,2
27,1604,5
27,1605,5
27,1606,5
27,1607,1
27,1608,1
27,1609,1
27,1610,1
27,1611,1
27,1612,2
27,1613,1
27,1614,1
27,1615,1
27,1616,1
27,1617,1
27,1618,5
27,1619,1
27,1620,2
27,1621,1
27,1622,1
27,1623,1
27,1624,1
27,1625,1
27,1626,2
27,1627,5
27,1628,1
27,1629,1
27,1630,1
27,1631,5
27,843,2
27,1632,1
27,1633,5
27,1634,1
27,1635,1
27,1636,1
27,1637,1
27,1638,1
27,1639,2
27,1640,2
27,1641,1
27,1642,1
27,1643,1
27,1644,1
27,1645,1
27,1646,1
27,1647,1
27,1648,1
27,1649,1
27,1650,1
27,1651,1
27,1652,5
27,1653,1
27,1654,1
28,1655,1
28,1656,1
28,1657,1
28,1658,1
28,1659,1
28,1660,1
28,1661,1
28,1662,1
28,1663,1
28,1664,1
28,1665,1
28,1383,1
29,1666,1
29,1667,1
29,1668,1
29,1669,2
29,1670,1
29,1671,1
29,1672,1
29,1673,1
29,1674,1
29,1675,1
29,1676,1
29,1677,1
29,1678,1
29,1679,1
29,1680,2
29,1681,1
30,1682,1
30,1683,3
30,1684,2
30,1685,1
30,13,4
30,1686,2
30,1687,1
30,1688,2
30,1689,2
30,1104,1
30,1690,1
30,1691,1
30,1692,1
30,1693,2
30,1694,1
30,1695,2
30,1696,2
30,1697,2
30,526,1
30,1698,2
30,1699,1
30,1700,1
30,1701,3
30,1702,1
30,1374,1
31,359,1
31,1703,3
31,252,3
31,1704,1
31,496,3
31,1705,2
31,201,7
31,1706,5
31,1707,3
31,1708,1
31,1709,1
31,498,3
31,1710,2
31,1711,2
31,1712,9
31,1713,7
31,367,3
31,1450,1
31,1714,2
31,1235,6
31,229,6
31,1715,3
31,1275,4
31,1716,6
31,501,5
31,1717,3
31,184,4
31,206,7
31,1277,2
31,502,3
31,1718,3
31,1686,3
31,1453,3
31,1719,6
31,505,3
31,1237,1
31,1720,4
31,1721,3
31,1722,5
31,1723,8
31,506,3
31,23,7
31,1724,2
31,1725,7
31,1726,3
31,1727,3
31,1728,3
31,1729,3
31,1239,3
31,508,3
31,1730,5
31,1731,4
31,1732,2
31,1733,5
31,1734,3
31,1735,1
31,1736,3
31,1737,3
31,1738,3
31,1739,2
31,1740,1
31,510,3
31,1395,3
31,1741,1
31,1742,7
31,512,3
31,232,7
31,1743,3
31,190,3
31,1744,8
31,1745,1
31,514,3
31,1241,1
31,1746,5
31,214,4
31,1747,3
31,1464,3
31,244,3
31,1399,3
31,1748,3
31,1465,1
31,1749,1
31,1750,7
31,1695,3
31,1242,3
31,1751,3
31,1752,3
31,445,1
31,1146,3
31,519,3
31,215,17
31,1753,5
31,1754,7
31,520,3
31,1755,4
31,1756,1
31,1243,3
31,1757,5
31,1758,2
31,1759,6
31,1244,3
31,1245,5
31,1760,1
31,525,7
31,1761,6
31,235,6
31,1762,1
31,1763,7
31,1698,2
31,1764,3
31,1765,8
31,1334,2
31,1246,2
31,1766,5
31,1767,4
31,74,3
31,1342,3
31,1768,2
31,1769,4
31,1770,3
31,863,3
31,1247,6
31,1771,3
31,1772,2
31,1773,1
31,1248,2
31,1774,1
31,1184,3
31,220,7
31,532,10
31,173,3
31,336,1
31,1775,6
31,236,1
31,534,3
31,1357,2
31,221,3
31,1776,3
31,222,3
31,1777,1
31,891,3
31,903,2
31,1363,1
31,1778,3
31,225,4
31,910,6
31,197,3
31,1482,3
31,1249,3
31,1369,1
31,1779,3
31,1780,7
31,1781,3
31,541,3
31,1250,3
31,1782,11
31,1374,3
31,1251,3
31,1783,2
31,1252,3
31,1784,1
31,1785,6
31,1253,2
31,1786,7
31,1787,7
31,1788,2
31,1789,3
31,545,3
32,1790,2
32,1791,1
32,1792,16
32,271,2
32,1793,4
32,1794,1
32,1795,3
32,1796,1
32,1797,1
32,190,3
32,1798,1
32,302,3
32,1755,1
32,1799,3
32,1800,5
32,320,2
32,1801,1
32,1802,2
32,1803,2
32,1804,5
32,1805,4
32,325,2
32,1806,2
32,330,3
32,1807,10
32,1808,1
32,1809,1
32,1810,2
32,1811,5
32,1812,1
32,1813,4
32,1814,1
33,200,6
33,1815,1
33,203,2
33,1816,2
33,1817,1
33,1818,1
33,1819,1
33,1078,1
33,1820,3
33,1821,17
33,418,11
33,1822,10
33,1823,1
33,303,1
33,1824,6
33,1825,8
33,1826,3
33,1827,3
33,1828,5
33,219,7
33,867,1
33,1829,1
33,533,1
33,1830,6
33,223,7
33,1831,1
33,1832,1
33,196,1
33,1833,1
33,1681,1
33,1834,1
34,1835,2
34,1836,1
34,1837,2
34,1838,1
34,1839,1
34,1840,3
34,1841,2
34,1842,2
34,1843,2
34,1844,1
34,1845,1
34,1846,4
34,1847,1
34,1848,1
34,1849,1
34,1850,1
34,1851,1
34,895,1
34,1852,1
35,1703,3
35,1853,14
35,1854,1
35,1855,4
35,1856,1
35,1857,1
35,1858,1
35,1859,2
35,1860,1
35,1861,3
35,1862,1
35,1863,2
35,1864,2
35,1865,1
35,1866,9
35,1867,1
35,1868,1
35,1869,2
35,1870,2
35,206,5
35,1871,1
35,1872,3
35,1873,1
35,1874,1
35,1875,1
35,1876,2
35,1877,1
35,1878,1
35,1879,1
35,1880,2
35,1881,2
35,1882,3
35,1883,2
35,1884,3
35,1885,7
35,1886,2
35,1887,1
35,1888,1
35,1889,1
35,509,17
35,1890,4
35,1891,1
35,1892,1
35,1893,5
35,1894,1
35,1895,1
35,1896,1
35,1897,1
35,1898,8
35,1899,1
35,1900,1
35,214,7
35,1901,17
35,1902,3
35,1903,5
35,1904,1
35,1905,7
35,1906,5
35,1907,7
35,1908,15
35,1909,7
35,1910,4
35,1911,2
35,1912,1
35,1913,1
35,1914,1
35,1915,1
35,1916,1
35,1917,3
35,1918,1
35,1919,1
35,1920,5
35,1921,1
35,1922,3
35,1923,26
35,1924,8
35,1925,7
35,1926,1
35,1927,7
35,1928,1
35,1929,3
35,1930,1
35,1931,1
35,1932,1
35,1933,1
35,1934,1
35,1768,1
35,1935,2
35,1936,1
35,1937,8
35,1938,7
35,1939,5
35,1940,1
35,1941,1
35,532,1
35,1942,1
35,1943,2
35,1944,1
35,1945,6
35,1946,1
35,1947,1
35,1948,1
35,1949,2
35,1950,1
35,1951,1
35,1952,1
35,1953,2
35,1954,7
35,1955,1
35,1956,2
35,1957,1
35,1958,1
35,1959,5
35,1960,1
35,1961,1
35,1482,6
35,1962,3
35,1963,2
35,1964,3
35,1965,1
35,1966,1
35,1967,1
35,1968,8
35,1969,4
35,1970,1
35,1971,4
35,1972,1
35,1973,1
35,1974,1
35,1975,3
35,1976,1
35,1977,1
35,1978,1
35,1979,4
35,1980,1
35,1981,55
35,1982,6
35,1983,5
35,1984,1
35,1985,52
35,1986,1
36,1987,1
36,1518,2
36,1988,1
36,1989,14
36,1990,3
36,1747,25
36,300,1
36,1991,2
36,1992,19
36,1993,2
36,1994,1
36,1995,16
36,1762,2
36,1996,3
36,1997,3
36,1932,2
36,1774,6
36,341,22
36,1998,1
36,1814,1
37,252,1
37,1999,1
37,365,1
37,2000,1
37,367,1
37,2001,1
37,1277,2
37,270,1
37,274,1
37,2002,1
37,292,1
37,2003,1
37,1103,1
37,419,17
37,2004,1
37,1136,2
37,2005,3
37,2006,1
37,304,1
37,2007,1
37,2008,5
37,314,1
37,2009,1
37,2010,1
37,2011,1
37,2012,6
37,471,1
37,2013,1
37,477,4
37,2014,1
37,2015,2
37,2016,1
37,2017,1
37,2018,1
37,2019,1
37,942,1
38,2020,3
38,1421,3
38,1423,3
38,2021,1
38,2022,3
38,2023,3
38,299,4
38,2024,3
38,2025,3
38,2026,3
38,1437,4
38,1440,3
38,1441,3
38,2027,10
38,2028,4
38,2029,10
38,347,3
38,1443,3
38,2030,5
38,1445,3
38,2031,3
39,2032,1
39,2033,1
39,2034,1
39,2035,3
39,2036,1
39,2037,1
39,2038,2
39,2039,2
39,2040,2
39,2041,1
39,2042,3
39,2043,1
39,2044,1
39,2045,1
39,2046,2
39,2047,1
39,2048,3
39,2049,2
39,308,2
39,2050,1
39,2051,1
39,2052,2
39,1341,1
39,2053,1
39,1774,1
39,2054,1
39,2055,1
40,2056,1
40,2057,1
40,2058,4
40,2059,1
40,2060,1
40,201,1
40,2061,1
40,2062,4
40,1028,3
40,2063,1
40,2064,2
40,2065,1
40,2066,1
40,2067,1
40,2068,1
40,2069,1
40,2070,1
40,2071,1
40,2072,1
40,2073,1
40,2074,1
40,2075,1
40,2076,1
40,2077,1
40,2078,1
40,2079,1
40,2080,2
40,398,1
40,2081,1
40,2082,1
40,2083,1
40,2084,1
40,2085,1
40,2086,2
40,2087,2
40,2088,2
40,2089,1
40,2090,1
40,2091,2
40,232,1
40,2092,1
40,2093,1
40,2094,1
40,2095,1
40,2096,1
40,2097,1
40,2098,2
40,2099,2
40,753,1
40,2100,1
40,2101,1
40,2102,1
40,2103,1
40,2104,1
40,2105,3
40,2106,1
40,1757,3
40,2107,1
40,2108,1
40,2109,1
40,2110,1
40,2111,1
40,2112,1
40,2113,1
40,2114,2
40,2115,1
40,2116,1
40,2117,3
40,2118,1
40,2119,1
40,1768,1
40,529,1
40,2120,1
40,467,1
40,2121,1
40,2122,1
40,2123,1
40,2124,1
40,891,1
40,2125,1
40,2126,1
40,2127,1
40,2128,1
40,2129,1
40,2130,1
40,2131,1
40,2132,1
40,1251,1
40,2133,1
40,2134,1
40,2135,1
40,2136,1
40,1380,1
40,136,1
41,2137,4
41,2138,1
41,2139,1
41,2140,3
41,2141,1
41,2142,1
41,2143,3
41,2144,1
41,2145,2
41,2146,1
41,2147,4
41,2148,5
41,2149,1
41,2150,1
41,2151,9
41,2152,1
41,535,5
41,2153,1
42,2154,3
42,2155,5
42,2156,1
42,2157,1
42,2158,1
42,2159,2
42,2160,1
42,2161,1
42,2162,1
42,2163,2
42,2164,5
42,2165,1
42,2166,1
42,2167,4
42,2168,1
42,2169,1
42,2170,1
42,2171,1
42,1068,1
42,2172,3
42,2173,3
42,2174,1
42,2175,1
42,2176,1
42,2177,2
42,2178,1
42,2179,2
42,2180,5
42,2181,7
42,2182,1
42,2183,1
42,1739,2
42,2184,2
42,2185,1
42,2186,1
42,2187,2
42,2188,4
42,2189,1
42,2190,1
42,2191,1
42,2192,3
42,2193,3
42,2194,2
42,2195,3
42,2196,1
42,2197,7
42,2198,6
42,2199,1
42,2200,1
42,2201,1
42,2202,7
42,2203,1
42,2204,1
42,2205,1
42,2206,1
42,2207,2
42,2208,2
42,2209,1
42,2210,3
42,2211,1
42,2212,1
42,2213,1
42,2214,1
42,2215,1
42,2216,1
42,2217,2
42,2218,2
42,2219,1
42,2220,1
42,2221,1
42,2222,1
42,2223,6
42,2224,1
42,2225,1
42,2226,2
42,2227,2
42,2228,7
42,2229,1
42,2230,1
42,2231,1
42,2232,1
42,2233,7
42,2234,1
42,2235,1
42,2236,1
42,2237,7
42,2238,1
42,2239,4
42,2240,5
42,2241,5
42,2242,2
42,2243,4
42,2244,2
42,2245,2
42,2246,1
42,2247,1
42,2248,1
43,252,1
43,2249,2
43,2250,1
43,2251,2
43,206,2
43,274,1
43,2252,1
43,2253,5
43,1728,1
43,2254,1
43,2255,3
43,2256,1
43,2257,1
43,2258,2
43,2259,1
43,2260,5
43,2261,2
43,314,1
43,2262,1
43,2263,2
43,1770,3
43,2264,1
43,2265,1
43,2266,1
43,2267,2
43,2268,1
43,2269,1
44,2270,1
44,2271,2
44,2272,5
44,2273,2
44,2274,2
44,2275,1
44,2276,1
44,2277,1
44,2278,1
44,2279,2
44,2280,2
44,2281,1
44,2282,6
44,2283,4
44,2284,1
44,2285,8
44,2286,1
44,2287,5
44,1732,1
44,2288,1
44,2289,1
44,2290,2
44,2291,2
44,2292,1
44,2293,5
44,2294,1
44,2295,1
44,2296,1
44,2297,1
44,2298,1
44,2299,6
44,2300,6
44,2301,5
44,2302,5
44,2303,1
44,2304,3
44,2305,2
44,2306,1
44,2307,1
44,2308,5
44,2309,1
44,2310,5
44,2311,5
44,2312,2
44,2313,1
44,2314,1
44,2315,1
44,2316,9
44,2317,1
44,1985,10
44,2318,1
45,2319,1
45,2320,2
45,2321,2
45,2322,1
45,207,2
45,2323,6
45,2324,1
45,2325,1
45,2326,1
45,2327,1
45,2328,2
45,2329,1
45,1121,1
45,2330,8
45,2331,2
45,2332,1
45,2333,1
45,2334,1
45,1909,2
45,2335,1
45,2336,2
45,2337,1
45,2338,1
45,2339,5
45,2340,1
45,2341,1
45,2342,126
45,2343,1
45,2344,2
45,2345,5
45,2346,2
45,2347,1
45,2348,1
46,201,1
46,3,1
46,498,1
46,2349,1
46,367,1
46,229,1
46,13,1
46,1275,1
46,501,1
46,2350,1
46,2351,1
46,1721,1
46,23,2
46,1730,1
46,1731,1
46,1732,1
46,2352,1
46,411,1
46,1734,1
46,1736,1
46,1738,1
46,1740,1
46,510,1
46,2353,2
46,2354,1
46,2355,2
46,232,1
46,2356,1
46,2357,1
46,1399,1
46,303,1
46,520,1
46,1756,1
46,1758,1
46,1760,1
46,525,1
46,2358,1
46,1246,1
46,74,1
46,2359,1
46,532,1
46,2360,1
46,880,1
46,236,1
46,1776,1
46,222,2
46,891,1
46,2361,1
46,2362,1
46,903,1
46,536,1
46,1778,1
46,196,1
46,197,2
46,1482,1
46,1249,1
46,2363,1
46,1250,1
47,2364,1
47,200,1
47,203,1
47,2365,1
47,2366,1
47,2367,1
47,2368,1
47,1151,1
47,2369,1
47,2370,1
47,223,1
47,2371,1
47,2372,1
48,2373,1
48,2374,3
48,2375,1
48,2376,2
48,2377,1
48,2378,7
48,2379,1
48,2380,4
48,2381,2
48,2382,1
48,2383,1
48,2384,3
48,2385,2
48,2386,4
48,2387,2
48,2388,1
48,2389,2
48,2390,2
48,2391,1
48,2392,3
48,2393,2
48,2394,6
48,2395,2
48,2396,1
48,2397,1
48,2398,4
48,2399,2
48,2400,1
48,2401,1
48,1295,2
48,2402,2
48,2403,3
48,2404,2
48,2405,1
48,2406,2
48,2407,1
48,2408,2
48,2409,2
48,2410,4
48,2411,3
48,2412,2
48,2413,3
48,2414,2
48,2415,1
48,2416,1
48,1466,1
48,2417,2
48,2418,1
48,2419,2
48,2420,4
48,1695,2
48,2421,1
48,2422,2
48,2423,6
48,2424,1
48,2425,1
48,2426,1
48,2427,2
48,2428,3
48,2429,2
48,2430,2
48,2431,2
48,2432,1
48,2433,1
48,2434,1
48,2435,3
48,2436,2
48,2437,3
48,2438,1
48,2439,1
48,2440,1
48,2441,2
48,2442,2
48,2443,2
48,2444,3
48,2445,1
48,2446,2
48,2447,3
48,2448,2
48,2449,2
48,2450,5
48,2451,1
48,2452,1
48,2453,2
48,2454,1
48,2455,1
48,2456,2
48,2457,1
48,2458,2
48,2459,4
48,2460,1
48,2461,2
48,2462,2
48,2463,1
48,2464,2
48,2465,1
48,2466,2
49,2467,1
49,1713,1
49,2468,2
49,2469,1
49,2470,1
49,2471,1
49,2472,1
49,2473,1
49,2474,2
49,2475,2
49,2476,1
49,2477,1
49,2478,1
49,2479,2
49,2480,1
49,2481,1
49,2482,1
49,2483,1
49,2484,1
49,2485,2
49,2486,1
49,2487,1
50,2488,1
50,2489,1
50,367,1
50,2490,1
50,2491,1
50,2492,1
50,2493,1
50,1277,1
50,2494,2
50,2495,1
50,634,1
50,2496,1
50,2497,1
50,2498,1
50,2499,1
50,2500,1
50,2501,1
50,2502,1
50,1312,1
50,2503,1
50,2504,1
50,2505,1
50,2506,1
50,2507,1
50,2508,1
50,2509,1
50,2510,1
50,2511,1
50,2512,1
50,2513,1
50,2514,1
50,2515,1
50,2516,1
50,2517,1
50,2518,1
50,2519,1
50,942,1
51,2520,1
51,2521,2
51,2522,7
51,2523,4
51,23,1
51,2524,2
51,2525,1
51,2526,1
51,2527,4
51,2528,7
51,2529,5
51,2530,1
51,2531,6
51,2532,3
52,2533,4
52,2534,6
52,2535,10
52,2536,4
52,2537,2
52,2538,1
52,2539,3
52,2540,1
52,1464,5
52,2541,1
52,2542,3
52,2543,1
52,2544,17
52,2545,16
52,2546,1
52,2547,11
52,2548,4
52,2549,1
52,2550,1
52,2551,2
52,2552,1
52,2553,1
52,2554,1
52,2555,5
52,2556,1
53,2557,5
53,2558,7
53,2559,3
53,203,58
53,2560,1
53,2561,1
53,2562,1
53,1078,2
53,1728,1
53,2327,1
53,2563,1
53,2564,2
53,2565,5
53,2566,5
53,2567,1
53,2568,2
53,2569,5
53,2570,1
53,2571,5
53,2572,1
53,524,1
53,2573,1
53,534,3
53,2574,6
53,2575,1
53,223,35
53,2576,1
53,2577,9
53,2552,1
53,2578,1
54,2579,2
54,2580,3
54,2581,1
54,2582,1
54,2583,4
54,2584,1
54,2585,3
54,2586,1
54,2587,2
54,2588,6
54,2589,1
54,2494,6
54,2590,3
54,1656,3
54,2591,1
54,2592,1
54,2593,1
54,2594,16
54,2595,1
54,2596,13
54,2597,1
54,2598,15
54,2599,1
54,1303,1
54,2499,1
54,2600,1
54,1307,4
54,2601,2
54,2602,1
54,2603,1
54,2604,1
54,2605,6
54,1610,1
54,2606,1
54,2607,1
54,2608,4
54,2609,1
54,2610,1
54,2611,1
54,2612,2
54,2613,1
54,2614,2
54,2615,1
54,2616,2
54,2617,1
54,2618,2
54,2619,1
54,2620,1
54,2621,1
54,823,1
54,2622,5
54,2623,14
54,2624,7
54,2625,1
54,2626,1
54,2627,1
54,2628,1
54,2629,3
54,2630,1
54,2631,10
54,2632,2
54,2012,3
54,2633,2
54,2634,1
54,2635,1
54,2636,4
54,2637,6
54,175,2
54,2638,1
54,2639,6
54,2019,5
54,2640,2
54,1665,1
54,2641,1
54,2642,1
54,2643,1
54,2644,4
55,2645,1
55,2646,3
55,2647,1
55,2648,2
55,2021,1
55,1727,1
55,2649,1
55,2650,1
55,2651,1
55,2652,1
55,1146,4
55,308,3
55,2653,2
55,2654,2
55,2655,1
55,2656,1
55,2657,1
56,2488,2
56,200,1
56,2658,1
56,203,2
56,2659,2
56,2660,1
56,13,1
56,184,3
56,1277,1
56,207,1
56,1453,1
56,1719,1
56,2661,1
56,186,1
56,1720,1
56,1238,1
56,2662,1
56,1721,3
56,1819,1
56,23,2
56,2663,1
56,1726,1
56,1239,2
56,2664,1
56,2665,5
56,1731,3
56,2666,3
56,2667,1
56,411,1
56,1736,1
56,1737,1
56,1738,3
56,292,3
56,510,1
56,2256,2
56,2668,1
56,2669,1
56,2670,1
56,214,3
56,2671,1
56,2672,2
56,244,1
56,2673,1
56,1242,1
56,1146,2
56,2674,1
56,2675,1
56,1755,1
56,2676,1
56,2677,1
56,2678,1
56,2679,1
56,2680,1
56,2681,3
56,2682,2
56,1769,1
56,864,1
56,219,1
56,1247,4
56,220,1
56,2683,2
56,1357,3
56,1363,1
56,536,1
56,2684,1
56,225,1
56,1482,1
56,2685,2
56,2686,1
56,2687,1
56,1252,1
56,1788,1
56,2317,1
56,2688,1
57,2689,1
57,23,6
57,2690,1
57,2691,1
57,2692,1
57,2262,2
57,1342,5
57,2693,1
57,2694,1
57,2695,1
57,2696,1
57,2697,1
58,2698,1
58,252,1
58,1707,1
58,206,1
58,2699,1
58,506,2
58,525,7
58,1761,1
58,221,1
58,2700,4
59,2488,1
59,575,1
59,581,1
59,605,1
59,505,1
59,2701,1
59,2702,1
59,2703,1
59,2704,2
59,707,1
59,2705,1
59,2706,2
59,2707,1
59,2708,1
59,2709,1
59,819,1
59,839,1
59,841,1
59,2710,1
59,865,1
59,2711,1
59,907,1
59,225,1
59,912,1
59,2712,1
59,2713,1
59,935,1
59,2714,1
59,951,1
60,2715,1
60,1267,2
60,1717,3
60,2716,3
60,2717,4
60,207,1
60,2718,4
60,2719,3
60,23,3
60,2720,1
60,2721,16
60,2722,14
60,2723,24
60,2724,1
60,2725,2
60,2726,1
60,2727,2
60,2728,2
60,2729,3
60,2730,1
60,2731,15
60,2732,1
60,2733,5
60,2734,3
60,2735,1
60,2736,22
60,2737,2
60,2443,4
60,2738,15
60,2739,1
60,2740,5
60,2741,1
60,2742,77
60,1361,4
60,2743,1
60,2744,2
60,2745,28
60,2746,1
60,2747,1
60,545,1
61,2748,1
61,2749,1
61,2750,1
61,2751,1
61,2752,1
61,2753,1
61,2754,1
61,2755,1
61,756,2
61,2756,2
61,2757,1
61,2758,1
61,2759,1
61,2760,1
61,2761,1
61,2762,1
61,2763,1
61,2764,1
61,2765,1
61,2766,1
61,2767,1
62,495,1
62,2768,5
62,2769,11
62,2770,1
62,2771,1
62,2772,1
62,2773,1
62,200,1
62,1267,1
62,2774,1
62,201,1
62,2775,3
62,2776,1
62,2777,1
62,2778,1
62,2779,1
62,2780,1
62,2781,1
62,1711,1
62,571,1
62,2782,1
62,2783,2
62,2784,1
62,2785,1
62,2786,1
62,1035,1
62,2787,1
62,2788,1
62,2789,1
62,2790,1
62,2791,1
62,2792,1
62,2793,1
62,2794,1
62,2795,1
62,2796,1
62,2797,1
62,2798,1
62,2799,1
62,2800,1
62,2801,1
62,2802,1
62,2803,1
62,2804,1
62,2805,1
62,2806,1
62,2807,1
62,2808,1
62,2809,1
62,2810,1
62,2811,1
62,2812,1
62,624,1
62,2813,5
62,2814,1
62,2815,1
62,636,1
62,1819,2
62,2816,1
62,2817,1
62,2818,1
62,23,1
62,2819,1
62,2820,1
62,2821,1
62,2822,1
62,2823,1
62,1257,1
62,2824,1
62,2825,1
62,2826,1
62,2827,1
62,2828,1
62,2829,1
62,2830,1
62,2831,1
62,2832,1
62,404,1
62,2833,1
62,2834,1
62,2835,1
62,407,1
62,408,1
62,2836,1
62,2837,2
62,2838,2
62,2839,1
62,2840,1
62,2841,1
62,2842,1
62,2843,1
62,2844,1
62,2845,1
62,2846,1
62,2847,1
62,2848,1
62,1103,1
62,2849,1
62,2850,1
62,2851,1
62,2852,1
62,1116,2
62,1303,1
62,140,1
62,2853,1
62,2854,1
62,2855,1
62,2856,1
62,2857,1
62,2858,1
62,2859,1
62,2860,1
62,2861,1
62,2862,1
62,2863,1
62,2864,1
62,2865,1
62,2866,1
62,2867,1
62,2868,1
62,429,1
62,2869,1
62,2870,1
62,2871,1
62,2872,1
62,2873,1
62,2874,4
62,2875,1
62,2876,1
62,2877,1
62,2878,1
62,2879,1
62,2880,18
62,244,6
62,2881,5
62,2882,1
62,2883,1
62,2884,1
62,2885,1
62,1259,1
62,2886,1
62,2887,1
62,2888,1
62,2889,3
62,2890,2
62,2891,1
62,2892,1
62,2893,1
62,2894,1
62,2895,1
62,2896,1
62,1659,1
62,2897,1
62,2898,1
62,49,1
62,441,1
62,762,1
62,2899,1
62,2900,1
62,2901,1
62,2902,1
62,2903,1
62,2904,1
62,2905,1
62,2614,1
62,2906,1
62,2907,1
62,2908,5
62,2909,1
62,2910,1
62,2911,1
62,1151,1
62,2912,1
62,2913,1
62,2914,1
62,2915,1
62,2916,1
62,2917,1
62,2918,1
62,2919,1
62,167,1
62,793,1
62,2920,1
62,2921,1
62,2922,1
62,2923,1
62,2924,1
62,2925,1
62,2926,1
62,2927,1
62,2620,1
62,2928,1
62,1921,1
62,2929,1
62,2930,1
62,2931,1
62,2932,1
62,2933,1
62,2934,1
62,2935,3
62,2936,1
62,2937,5
62,2938,1
62,2939,1
62,2940,2
62,2941,1
62,2942,5
62,2943,1
62,2944,1
62,2945,1
62,2946,1
62,2947,1
62,2948,1
62,2949,1
62,2950,1
62,2951,1
62,2952,2
62,2953,1
62,1768,1
62,2954,5
62,2955,1
62,2956,1
62,2957,1
62,219,1
62,2958,5
62,2959,1
62,2960,1
62,2961,1
62,2962,1
62,2963,1
62,2964,5
62,2965,1
62,2966,1
62,2967,1
62,2968,5
62,2969,5
62,2970,1
62,2971,5
62,2972,1
62,2973,1
62,2974,1
62,2975,1
62,2976,1
62,2977,1
62,2978,10
62,2979,1
62,2980,1
62,2981,1
62,2982,1
62,2983,1
62,2984,1
62,1700,1
62,2985,1
62,2986,1
62,2987,1
62,1190,2
62,2988,1
62,2989,2
62,2990,1
62,2991,1
62,2992,5
62,2993,1
62,223,1
62,2994,1
62,2995,1
62,2996,1
62,2997,2
62,2998,2
62,2999,1
62,537,1
62,3000,1
62,3001,1
62,3002,2
62,3003,1
62,3004,1
62,3005,1
62,3006,1
62,3007,1
62,919,1
62,3008,5
62,3009,2
62,3010,1
62,1211,1
62,3011,1
62,3012,1
62,3013,1
62,3014,1
62,2017,1
62,3015,1
62,125,1
62,3016,1
62,3017,1
62,3018,1
62,3019,1
62,3020,1
62,3021,7
62,3022,4
62,944,5
62,3023,1
62,3024,1
62,950,1
62,3025,1
62,3026,5
62,3027,5
62,3028,1
62,3029,1
62,3030,1
62,3031,1
62,3032,1
62,3033,1
62,3034,1
62,3035,1
63,3036,1
63,3037,1
63,3038,1
63,3039,1
63,3040,1
63,3041,1
63,3042,1
63,3043,1
63,3044,1
63,3045,1
63,3046,1
63,3047,1
63,3048,2
63,3049,1
63,3050,1
63,3051,1
63,3052,1
63,3053,1
63,3054,1
63,3055,1
64,2559,1
64,1706,5
64,3056,4
64,3057,7
64,498,5
64,203,5
64,3058,1
64,3059,4
64,3060,1
64,184,3
64,3061,1
64,3062,7
64,3063,1
64,3064,6
64,3065,5
64,3066,1
64,1728,3
64,508,8
64,3067,1
64,2565,1
64,3068,1
64,3069,1
64,3070,2
64,3071,2
64,3072,9
64,3073,1
64,3074,1
64,3075,1
64,3076,3
64,3077,8
64,3078,8
64,521,2
64,1243,1
64,235,6
64,3079,2
64,3080,1
64,2114,5
64,3081,6
64,529,4
64,3082,7
64,3083,2
64,220,11
64,3084,5
64,3085,8
64,3086,6
64,3087,2
64,1700,3
64,2989,8
64,2362,2
64,910,4
64,3088,3
64,540,1
64,3089,7
65,3090,9
65,3091,8
65,3092,1
65,3093,5
65,3094,5
65,3057,11
65,3095,1
65,3096,2
65,498,6
65,1450,2
65,3097,6
65,3098,2
65,3099,6
65,3100,2
65,3101,5
65,1048,1
65,3102,5
65,3103,1
65,3104,2
65,3105,4
65,3106,6
65,208,1
65,3107,3
65,3108,4
65,3109,2
65,3110,2
65,1724,11
65,3111,3
65,3112,6
65,3113,7
65,2083,2
65,3114,6
65,3115,4
65,3116,1
65,2563,7
65,3117,9
65,3118,1
65,1739,1
65,3119,1
65,3120,4
65,3121,1
65,3122,3
65,3123,2
65,2256,3
65,3124,18
65,3125,3
65,3126,1
65,3127,1
65,3128,2
65,3129,15
65,3130,1
65,3131,2
65,3132,5
65,3133,5
65,3134,4
65,3135,12
65,3136,4
65,3137,4
65,3138,2
65,3139,3
65,3140,2
65,1752,1
65,3141,1
65,3142,1
65,3143,2
65,3144,2
65,3145,4
65,3146,19
65,3147,4
65,2261,3
65,3148,4
65,3149,2
65,3150,12
65,3151,4
65,3152,5
65,3153,2
65,3154,5
65,1995,2
65,1825,1
65,3155,6
65,3156,5
65,3157,5
65,3158,3
65,3159,1
65,3160,4
65,3161,5
65,3162,2
65,3163,14
65,3164,4
65,3165,3
65,3166,4
65,3167,1
65,3168,12
65,3169,1
65,534,1
65,3170,16
65,3171,3
65,3172,1
65,3173,1
65,3174,2
65,224,1
65,3175,1
65,3176,2
65,225,2
65,3177,6
65,3178,6
65,1482,2
65,3179,16
65,3180,1
65,3181,2
65,3182,1
65,3183,3
65,3184,5
65,2268,9
65,3185,2
65,3186,3
65,3187,21
65,3188,4
65,3189,1
65,3190,3
65,3191,17
65,3192,2
65,3193,1
65,3194,5
65,3195,3
65,3196,4
65,3197,1
65,3198,1
65,3199,4
65,3200,4
65,3201,3
66,3202,1
66,3203,2
66,3204,1
66,3205,1
66,3206,1
66,3207,1
66,3208,1
66,2889,3
66,3209,1
66,3210,1
66,3211,1
66,3212,1
67,3213,3
67,3214,1
67,3215,1
67,3216,2
67,3217,1
67,3218,1
67,1871,1
67,3219,1
67,3220,9
67,3221,6
67,3222,1
67,3223,1
67,3224,1
67,3225,1
67,3226,61
67,3227,3
67,672,1
67,3228,1
67,130,10
67,3229,1
67,3230,1
67,3231,2
67,3232,1
67,3233,6
67,757,1
67,3234,2
67,3235,7
67,3236,1
67,3237,1
67,3238,1
67,3239,1
67,3240,1
67,3241,3
67,3242,1
67,1572,1
67,3243,1
67,3244,5
68,3245,2
68,3246,2
68,3247,1
68,3248,4
68,3249,1
68,3250,1
68,3251,6
68,3252,1
68,3253,1
68,3254,2
68,3255,1
68,3256,1
68,1529,1
68,3257,1
68,1613,1
68,3258,5
68,3259,1
68,3260,1
68,3261,2
68,3262,4
69,3263,1
69,3264,1
69,3265,1
69,3266,2
69,3267,1
69,3268,1
69,3269,1
69,3270,1
69,3271,1
69,2483,1
69,3272,1
69,3273,1
69,3274,2
70,3275,1
70,201,2
70,498,1
70,3276,1
70,3277,1
70,1235,1
70,3278,1
70,184,1
70,206,1
70,15,1
70,1720,1
70,3279,1
70,1721,1
70,3280,1
70,23,2
70,3281,1
70,3282,1
70,3283,1
70,398,1
70,3284,1
70,3285,1
70,3286,1
70,3287,1
70,232,1
70,514,1
70,214,1
70,2894,1
70,3288,1
70,3289,1
70,215,1
70,3290,1
70,3291,1
70,3292,1
70,3293,1
70,3294,2
70,1244,1
70,3295,1
70,3296,1
70,1342,1
70,3297,1
70,3298,1
70,3299,1
70,3300,1
70,220,1
70,532,1
70,173,1
70,221,1
70,222,1
70,225,1
70,199,1
70,3301,1
70,3302,1
70,3303,1
70,1380,1
71,3304,1
71,3305,1
71,3306,1
71,3307,1
71,3308,1
71,3309,1
71,3310,1
71,3311,1
71,3312,1
71,3313,1
71,3314,1
71,3315,1
71,3316,1
71,3317,1
71,3318,1
71,3319,1
71,3320,1
71,1658,2
71,2898,1
71,3321,1
71,3322,2
71,2428,1
71,3323,3
71,3324,1
71,1849,1
71,3325,1
71,3326,2
71,3327,1
71,3328,1
71,3329,2
71,1207,2
71,3330,1
71,3331,1
71,3332,1
72,3333,1
72,3334,13
72,3335,2
72,3336,2
72,3337,1
72,3338,1
72,3339,11
72,3340,1
72,3341,2
72,3342,1
72,3233,3
72,3343,1
72,3344,19
72,196,4
72,982,1
72,3345,3
72,3346,1
73,3347,1
73,3348,4
73,558,1
73,3349,4
73,3350,1
73,3351,2
73,3352,4
73,3353,1
73,3354,1
73,3355,1
73,156,1
73,597,2
73,3356,2
73,3357,1
73,3358,2
73,3359,1
73,603,1
73,3360,1
73,3361,6
73,625,2
73,629,2
73,3362,1
73,3363,1
73,3364,1
73,3365,1
73,3366,2
73,3367,1
73,3368,2
73,3369,2
73,3370,1
73,3371,1
73,3372,1
73,3373,2
73,648,3
73,649,1
73,3374,3
73,3375,2
73,3376,2
73,3377,2
73,3378,4
73,673,2
73,2089,1
73,3379,1
73,3380,1
73,1304,1
73,3381,2
73,3382,3
73,3383,1
73,3384,3
73,3385,1
73,726,2
73,46,1
73,3386,1
73,3387,1
73,753,1
73,3388,2
73,3389,5
73,3390,1
73,3391,1
73,3392,2
73,796,2
73,3393,1
73,3394,2
73,3395,2
73,3396,1
73,3397,1
73,822,1
73,1334,1
73,3398,1
73,2114,1
73,841,1
73,3399,1
73,3400,2
73,3401,1
73,3402,1
73,3403,2
73,3404,1
73,3405,2
73,3406,1
73,3407,2
73,1700,2
73,895,1
73,3408,1
73,3409,1
73,3410,1
73,911,2
73,912,2
73,95,1
73,3411,1
73,3412,1
73,3413,1
73,3414,2
73,2639,1
73,3415,1
73,3416,1
73,3417,3
73,3418,1
73,3419,2
74,3420,2
74,253,6
74,3421,1
74,3422,4
74,3423,3
74,3424,1
74,3425,2
74,3426,4
74,10,19
74,3427,1
74,3428,1
74,2647,1
74,3429,2
74,3430,3
74,1686,3
74,3431,3
74,3432,2
74,3433,7
74,3434,1
74,1819,6
74,3435,1
74,3436,4
74,3437,1
74,3438,3
74,3439,3
74,3440,1
74,3227,14
74,3441,1
74,3442,1
74,3443,1
74,3444,1
74,3445,5
74,3446,1
74,3447,1
74,3448,2
74,3449,1
74,3450,10
74,3451,1
74,3452,31
74,3257,3
74,3453,2
74,3454,2
74,3455,6
74,2567,2
74,3456,3
74,3457,1
74,3458,10
74,3459,9
74,3460,2
74,3461,1
74,2897,7
74,3462,2
74,3463,2
74,3464,1
74,2675,9
74,3465,2
74,3294,1
74,3466,2
74,3391,3
74,3467,1
74,3468,4
74,2358,1
74,3469,1
74,3470,1
74,3471,5
74,1774,7
74,2360,3
74,3472,4
74,1416,2
74,3473,1
74,3474,1
74,3475,1
74,891,3
74,3476,3
74,3477,7
74,3478,7
74,3479,2
74,3480,2
74,3481,3
74,3482,1
74,937,3
74,3483,7
74,3484,2
74,3485,1
74,3486,1
74,3487,5
74,3488,3
74,3489,1
74,3490,3
75,200,2
75,203,2
75,3491,1
75,3492,1
75,3493,3
75,207,1
75,1819,2
75,3494,3
75,3495,1
75,524,1
75,3496,5
75,3497,4
75,1699,1
75,3498,1
76,2271,1
76,3499,1
76,3500,1
76,3501,15
76,3502,1
76,3503,14
76,3504,12
76,3505,11
76,3506,1
76,3507,6
76,3508,1
76,3509,2
77,3510,1
77,3511,1
77,3512,5
77,206,1
77,3513,1
77,3514,1
77,3515,1
77,3516,1
77,976,6
77,3517,1
77,38,7
77,3518,1
77,3519,1
77,518,2
77,3520,1
77,3521,8
77,3522,3
77,3523,6
77,3524,8
77,3525,1
77,220,3
77,3526,2
77,3527,5
77,3528,1
77,3024,1
78,200,3
78,207,1
78,3529,1
78,3530,1
78,3230,1
78,3531,6
78,1135,2
78,525,1
78,219,1
78,3532,1
79,3533,1
79,3534,1
79,3535,1
79,3536,1
79,591,1
79,500,1
79,606,1
79,3537,1
79,3538,1
79,3539,1
79,3540,1
79,635,1
79,1819,2
79,3541,1
79,665,1
79,3542,1
79,3543,10
79,3544,1
79,3382,1
79,3545,6
79,3546,1
79,728,1
79,3547,1
79,3548,1
79,3549,1
79,3550,1
79,3551,1
79,784,1
79,3552,1
79,3553,1
79,3554,6
79,3555,1
79,3556,1
79,3557,1
79,3558,1
79,3559,5
79,3560,5
79,3561,5
79,3562,1
79,537,1
79,3563,5
79,925,1
79,3564,5
79,3565,1
79,3566,1
79,3567,1
79,3568,10
79,962,1
80,3569,1
80,252,1
80,3570,3
80,1582,5
80,3571,1
80,3572,1
80,2535,2
80,3573,1
80,3574,3
80,1046,2
80,3575,2
80,3576,2
80,3577,1
80,3578,1
80,3579,1
80,3580,1
80,1523,2
80,1072,3
80,2827,18
80,3581,2
80,3582,1
80,3583,1
80,1495,1
80,3584,1
80,3585,1
80,3586,3
80,3587,1
80,3588,2
80,3589,1
80,3590,1
80,3591,1
80,3592,2
80,3593,3
80,2705,1
80,3594,2
80,3595,1
80,3596,2
80,3597,3
80,3598,1
80,3599,5
80,3600,1
80,3601,1
80,3602,1
80,3603,2
80,3604,1
80,3605,1
80,3606,1
80,3607,2
80,1245,1
80,3608,3
80,3609,1
80,3610,1
80,3611,3
80,3612,2
80,3613,1
80,1805,3
80,3614,1
80,3615,1
80,3616,1
80,3617,11
80,3618,3
80,3619,1
80,3620,4
80,3621,1
80,3622,1
80,2013,4
80,3623,1
80,3624,4
80,3625,1
80,3626,1
80,3627,1
80,3628,3
80,3629,14
80,3630,1
80,3631,1
80,3632,8
80,3633,2
80,3634,1
80,3635,1
80,3636,2
80,3637,2
80,3638,2
81,1703,4
81,3639,1
81,3640,3
81,3641,1
81,3642,1
81,3643,21
81,3492,1
81,156,7
81,3644,1
81,3645,1
81,3646,3
81,3647,1
81,3648,1
81,3649,5
81,3650,6
81,1721,2
81,23,7
81,2175,1
81,3651,1
81,3652,4
81,3653,1
81,3654,1
81,3655,1
81,2836,2
81,3656,16
81,1007,1
81,3657,3
81,3658,1
81,3659,9
81,3660,1
81,3661,1
81,3662,1
81,3230,19
81,3663,12
81,3664,1
81,3665,1
81,3666,1
81,3667,1
81,3668,4
81,3669,13
81,3670,1
81,3671,1
81,3672,1
81,2424,4
81,3673,1
81,2760,1
81,3674,2
81,3675,1
81,3676,1
81,3677,2
81,1334,5
81,3678,2
81,3679,4
81,3680,3
81,3681,1
81,3682,1
81,1342,6
81,3683,1
81,3684,6
81,3685,1
81,3686,2
81,3687,5
81,3688,4
81,3689,2
81,3690,3
81,1363,5
81,3691,13
81,1369,4
81,3692,1
81,3693,1
81,3694,2
81,3695,1
82,200,6
82,201,3
82,203,4
82,23,6
82,232,1
82,518,1
82,215,4
82,219,6
82,3472,1
82,223,2
82,225,1
82,3696,1
83,3697,7
83,3698,1
83,3699,1
83,3700,1
83,3701,1
83,3702,6
83,2774,1
83,3349,1
83,3703,1
83,567,1
83,366,6
83,3704,2
83,3705,2
83,3706,1
83,3707,3
83,3352,2
83,3708,1
83,3709,1
83,367,1
83,3710,1
83,572,1
83,3711,2
83,3712,1
83,3713,1
83,3714,1
83,3715,1
83,3716,1
83,3717,1
83,3718,1
83,3719,1
83,3356,1
83,3720,1
83,3721,4
83,3722,1
83,3723,1
83,3724,1
83,3725,1
83,3726,4
83,3727,1
83,3728,2
83,3729,4
83,3730,2
83,3365,6
83,3731,4
83,3368,1
83,3732,1
83,3733,1
83,2595,1
83,3734,2
83,3735,1
83,3736,1
83,1083,1
83,3737,6
83,3738,1
83,3739,1
83,3740,1
83,3741,1
83,3742,1
83,3743,3
83,3744,1
83,3745,1
83,2838,1
83,3746,2
83,3378,2
83,3747,1
83,2088,1
83,3748,1
83,3749,1
83,3750,5
83,3751,1
83,3752,1
83,3753,3
83,3754,1
83,3755,1
83,3380,1
83,688,1
83,3756,1
83,3757,1
83,3758,1
83,3759,2
83,3760,12
83,3761,1
83,3762,2
83,3763,10
83,3764,13
83,3765,14
83,3766,4
83,3767,1
83,3768,2
83,3769,1
83,711,1
83,712,2
83,3770,1
83,3771,1
83,3772,2
83,3773,1
83,3774,3
83,2892,1
83,3775,1
83,742,1
83,3776,1
83,3777,1
83,3778,1
83,3779,1
83,3780,1
83,3781,1
83,3782,1
83,762,1
83,3783,1
83,3784,1
83,3785,1
83,3786,1
83,3787,1
83,3788,3
83,3789,1
83,3790,1
83,3791,1
83,3792,1
83,3793,1
83,3794,5
83,785,3
83,3389,3
83,3795,2
83,3796,1
83,3797,2
83,3798,1
83,3799,9
83,3800,2
83,3801,1
83,3802,1
83,3803,1
83,3804,1
83,2922,2
83,3805,1
83,3806,1
83,3807,1
83,3808,2
83,3809,2
83,3810,4
83,3811,1
83,3812,2
83,3813,9
83,3814,1
83,3815,1
83,828,1
83,3816,1
83,3817,1
83,3050,1
83,3818,3
83,3819,1
83,3400,1
83,3820,2
83,2946,1
83,3821,1
83,3822,1
83,3823,1
83,3824,1
83,3825,1
83,3826,1
83,3827,4
83,855,1
83,3828,1
83,2955,1
83,3829,1
83,3830,1
83,3831,1
83,3832,1
83,3833,1
83,3834,1
83,3835,12
83,3836,2
83,3837,1
83,3838,1
83,3839,4
83,3840,1
83,3841,1
83,879,1
83,3842,1
83,2342,1
83,2655,1
83,2981,2
83,3843,1
83,1187,1
83,885,1
83,3844,4
83,3845,1
83,3846,4
83,3847,1
83,3848,2
83,3849,1
83,3850,2
83,3851,5
83,3852,1
83,3410,1
83,3853,4
83,3854,1
83,3855,1
83,3856,5
83,3857,1
83,3009,3
83,3858,2
83,3859,1
83,3411,1
83,177,4
83,3860,2
83,3861,1
83,3862,1
83,3863,1
83,3864,3
83,948,1
83,3865,1
83,3866,1
83,3867,1
83,950,1
83,2656,1
83,3868,1
83,3869,1
83,3870,1
83,3871,2
83,3567,3
83,3872,1
83,3419,1
83,3873,1
83,2657,1
83,3874,18
83,3568,1
84,3875,1
84,3876,1
84,3877,1
84,3878,1
84,3879,1
84,3880,1
84,3881,1
84,3882,1
84,2480,2
84,3883,1
84,1775,1
84,2484,1
84,3884,1
84,3885,1
84,3886,1
85,3887,5
85,3888,5
85,3889,10
85,3890,5
85,3275,1
85,200,69
85,1707,1
85,3891,1
85,3276,1
85,3892,10
85,500,5
85,378,10
85,3893,5
85,3894,5
85,207,1
85,3540,15
85,3895,2
85,3896,10
85,3897,1
85,2836,10
85,3898,2
85,411,5
85,3899,5
85,3900,15
85,2355,1
85,3901,1
85,3902,1
85,3903,1
85,2880,10
85,3233,1
85,3904,26
85,46,9
85,3905,1
85,3906,5
85,3907,1
85,3908,5
85,3909,11
85,524,5
85,1825,43
85,3910,5
85,3911,32
85,3912,5
85,3913,1
85,1342,3
85,3298,1
85,528,5
85,219,11
85,2969,5
85,3170,1
85,223,1
85,3476,1
85,3914,10
85,1363,1
85,3915,1
85,3916,5
85,3917,5
85,196,5
85,3918,1
85,3211,5
85,3919,1
85,3920,6
85,1814,5
85,3921,2
85,3021,5
85,3922,5
85,3923,10
86,3924,2
86,3925,1
86,3926,2
86,3927,1
86,3928,1
86,3929,1
86,3930,10
86,3931,15
86,3932,1
86,3218,1
86,3933,1
86,3934,1
86,3935,1
86,3936,1
86,3937,11
86,3938,1
86,3939,1
86,3940,1
86,3941,1
86,3942,1
86,3943,1
86,3944,1
86,3945,1
86,3946,1
86,3947,1
86,3948,1
86,3949,1
86,3950,1
86,3951,1
86,3952,1
86,3953,1
86,512,3
86,3954,1
86,3955,1
86,3956,2
86,1312,1
86,3957,1
86,3958,1
86,3959,1
86,3960,1
86,3961,1
86,3962,1
86,3963,1
86,3964,1
86,3965,2
86,3966,1
86,3967,1
86,3968,1
86,3969,1
86,3970,3
86,3971,1
86,3972,2
86,3973,1
86,3974,1
86,3975,1
86,3976,1
86,3977,1
86,3978,1
86,3979,1
86,3980,1
86,3981,1
86,3982,1
86,3983,1
86,3984,1
86,3985,1
86,1808,1
86,3986,1
86,3987,1
86,3988,1
86,3989,1
86,3990,1
86,3991,2
86,3992,3
86,3993,1
86,3994,1
86,3995,3
86,3996,1
86,3997,1
86,3998,1
86,3999,2
86,4000,12
87,2056,1
87,1704,1
87,365,1
87,498,1
87,4001,1
87,4002,1
87,4003,1
87,184,1
87,3493,1
87,4004,1
87,4005,1
87,2662,3
87,23,3
87,397,1
87,4006,1
87,4007,1
87,4008,1
87,4009,1
87,1732,1
87,411,8
87,4010,1
87,4011,1
87,1458,1
87,232,1
87,4012,1
87,4013,1
87,4014,1
87,2878,1
87,47,1
87,3599,2
87,4015,1
87,4016,1
87,519,2
87,4017,1
87,215,1
87,4018,1
87,4019,1
87,4020,1
87,1244,1
87,4021,3
87,863,1
87,4022,1
87,4023,1
87,220,3
87,236,3
87,470,8
87,222,1
87,4024,1
87,4025,1
87,1363,1
87,225,1
87,2127,1
87,94,1
87,4026,1
87,4027,1
87,1783,1
87,4028,1
87,952,1
87,4029,1
88,201,1
88,23,1
88,4030,1
88,214,1
88,215,1
88,4031,1
88,4032,1
88,4033,1
88,4034,1
88,4035,1
89,4036,5
89,4037,5
89,380,5
89,4038,5
89,4039,5
89,4040,5
89,1434,2
89,4041,5
89,4042,5
89,4043,5
89,2150,5
89,3558,5
89,4044,1
90,4045,1
90,4046,2
90,4047,1
90,4048,1
90,4049,1
90,4050,5
90,4051,8
90,1819,1
90,4052,11
90,4053,2
90,4054,1
90,4055,4
90,4056,1
90,4057,1
90,4058,1
90,4059,2
90,4060,4
90,4061,1
90,4062,1
90,4063,1
90,4064,2
90,4065,6
91,4066,1
91,1019,1
91,4067,1
91,4068,1
91,4069,5
91,4070,2
91,4071,1
91,4072,5
91,4073,1
91,2494,1
91,380,1
91,4074,1
91,4075,2
91,4076,2
91,4077,1
91,4078,1
91,4079,5
91,634,1
91,4080,1
91,4081,1
91,4082,1
91,4009,1
91,4083,1
91,4084,5
91,410,2
91,4085,1
91,4086,2
91,1112,1
91,4087,1
91,2499,1
91,2600,6
91,2869,1
91,4088,1
91,4089,1
91,4090,1
91,4091,1
91,4092,1
91,4093,1
91,4094,5
91,4095,1
91,4096,1
91,4097,5
91,4098,1
91,4099,1
91,2617,1
91,4100,5
91,4101,2
91,4102,1
91,2506,1
91,1161,1
91,2508,1
91,4103,1
91,4104,1
91,4105,16
91,2955,3
91,4106,1
91,2964,2
91,875,1
91,4107,1
91,4108,1
91,4109,1
91,4110,5
91,4111,1
91,4112,1
91,4113,5
91,4114,1
91,4115,1
91,4116,1
91,4117,1
91,4118,1
91,4119,1
91,4120,1
92,4121,6
92,4122,2
92,4123,3
92,4124,28
92,4125,3
92,4126,15
92,4127,10
92,4128,5
92,4129,2
92,4130,3
92,4131,8
92,4132,5
92,4133,6
92,3493,1
92,4134,1
92,4135,11
92,4136,1
92,4137,1
92,4138,4
92,4139,7
92,4140,1
92,4141,2
92,4142,1
92,4143,8
92,4144,6
92,4145,3
92,38,2
92,4146,6
92,4147,3
92,4148,2
92,4149,1
92,4150,33
92,4151,45
92,4015,4
92,4152,2
92,4153,1
92,1150,2
92,4154,4
92,4155,1
92,4156,1
92,4157,6
92,4158,1
92,4159,1
92,4160,3
92,4161,13
92,4162,2
92,4163,10
92,4164,1
92,4165,15
92,4166,4
92,4167,15
92,4168,1
92,4169,4
92,4170,2
92,4171,6
